5621.17
5607.36
5539.17
5553.02
5445.89
5439.52
5353.12
5208.81
5005.69
4892.37
4968.57
4756.09
4745.17
4641.63
4620.49
4332.50
4399.40
4266.94
4261.15
4492.59
4502.21
4376.60
4482.85
4239.70
4063.23
4130.79
4003.79
3875.69
3932.84
3632.19
3578.57
3637.45
3529.28
3483.00
3608.18
3395.74
3124.38
2827.30
2734.31
2784.74
2527.30
5621.17
5607.36
5539.17
5553.02
5445.89
5439.52
5353.12
5208.81
5005.69
4892.37
4968.57
4756.09
4745.17
4641.63
4620.49
4332.50
4399.40
4266.94
4261.15
4492.59
4502.21
4376.60
4482.85
4239.70
4063.23
4130.79
4003.79
3875.69
3932.84
3632.19
3578.57
3637.45
3529.28
3483.00
3608.18
3395.74
3124.38
2827.30
2734.31
2784.74
2527.30
5621.17
5607.36
5539.17
5553.02
5445.89
5439.52
5353.12
5208.81
5005.69
4892.37
4968.57
4756.09
4745.17
4641.63
4620.49
4332.50
4399.40



